445256.821694345 3945834.90678554
445259.604150318 3945831.84461263
445262.418573038 3945828.75542683
445265.27226323 3945825.6289835
445268.157186702 3945822.46851869
445271.07161531 3945819.28103243
445274.00969477 3945816.05797541
445276.968884397 3945812.81665012
445279.942926834 3945809.55164246
445282.934257332 3945806.27029248
445285.931550699 3945802.96506484
445288.945197966 3945799.63768696
445291.976726575 3945796.29393149
445295.030667846 3945792.94360512
445298.104193407 3945789.57641182
445301.179177546 3945786.20958015
445304.263970442 3945782.84427646
445307.330539543 3945779.50730422
445310.388930321 3945776.16571615
445313.437728554 3945772.84082332
445316.478328131 3945769.52077167
445319.505028282 3945766.20344008
445322.516224239 3945762.88563417
445325.529662406 3945759.57666515
445328.536977193 3945756.26169398
445331.541590507 3945752.94289022
445334.543158563 3945749.6295735
445337.547422163 3945746.31394144
445340.545658133 3945743.00013982
445343.546330117 3945739.68607315
445346.546589024 3945736.36954303
445349.543111044 3945733.05847421
445352.538549761 3945729.74595482
445355.533886068 3945726.43360377
445358.530147815 3945723.11961972
445361.523806793 3945719.79692005
445364.519138642 3945716.48064519
445367.51100569 3945713.15104532
445370.503190752 3945709.82285953
445373.492410812 3945706.4916673
445376.474601511 3945703.155973
445379.462606483 3945699.81597714
445382.450927294 3945696.48097915
445385.4411858 3945693.14487491
445388.437032215 3945689.80597672
445391.430851259 3945686.466291
445394.43299384 3945683.12739495
445397.431499255 3945679.78817374
445400.434127578 3945676.44638393
445403.438619672 3945673.10459626
445406.447382377 3945669.75769914
445409.455776775 3945666.41568934
445412.459612596 3945663.06713239
445415.464327454 3945659.71689295
445418.47366698 3945656.36787885
445421.485280315 3945653.01033049
445424.489615241 3945649.65696227
445427.502656176 3945646.30194281
445430.518226215 3945642.94752215
445433.535386144 3945639.60126124
445436.559956562 3945636.2453609
445439.585360818 3945632.89258396
445442.616043941 3945629.54643573
445445.650931228 3945626.19091098
445448.68101903 3945622.8346329
445451.714331055 3945619.47560378
445454.747268836 3945616.11295884
445457.782436892 3945612.75466896
445460.820263512 3945609.38489632
445463.852875137 3945606.02072984
445466.890457316 3945602.6478252
445469.924012939 3945599.27592057
445472.964072139 3945595.90374551
445476.000454518 3945592.52797501
445479.038039816 3945589.15048138
445482.084872609 3945585.7751636
445485.132372466 3945582.39395541
445488.182387525 3945579.02591449
445491.241705589 3945575.65244647
445494.297784119 3945572.28039804
445497.358849414 3945568.90163505
445500.418065124 3945565.51729473
445503.473094927 3945562.13853175
445506.537638353 3945558.74977091
445509.601077542 3945555.36141986
445512.66417918 3945551.97380818
445515.735810837 3945548.58290033
445518.80641201 3945545.19584117
445521.881456236 3945541.80893224
445524.961614083 3945538.42033022
445528.046141455 3945535.03495985
445531.131862187 3945531.64720545
445534.221297556 3945528.2594532
445537.314770613 3945524.87022985
445540.409854459 3945521.48300221
445543.501874247 3945518.08440985
445546.59475639 3945514.68685598
445549.692200194 3945511.28410373
445552.791047632 3945507.88170116
445555.89121468 3945504.4751131
445558.994509257 3945501.06336406
445562.095240134 3945497.65311818
445565.202258047 3945494.239868
445568.311340762 3945490.82295049
445571.421779337 3945487.40403297
445574.534907524 3945483.98711546
445577.65393883 3945480.56736965
445580.770992599 3945477.14528044
445583.889803044 3945473.72536292
445587.003850948 3945470.30997016
445590.115851233 3945466.89387988
445593.213635974 3945463.49131864
445596.309365484 3945460.08176169
445599.395658809 3945456.68031299
445602.476708222 3945453.28593954
445605.556644379 3945449.88839118
445608.632051089 3945446.49866469
445611.70072997 3945443.11620632
445614.764341988 3945439.7276644
445617.820911189 3945436.34631242
445620.877656782 3945432.97196688
445623.926974453 3945429.600501
445626.978377557 3945426.23035077
445630.019127421 3945422.87106947
445633.055718106 3945419.50854793
445636.091471805 3945416.15264652
445639.119748725 3945412.79893826
445642.14546299 3945409.44723215
445645.162637121 3945406.10111411
445648.181965315 3945402.76121913
445651.190006987 3945399.42392925
445654.197650498 3945396.09022328
445657.208398659 3945392.7637318
445660.212684901 3945389.44644191
445663.214726688 3945386.12475297
445666.207869176 3945382.80845772
445669.197986739 3945379.48656597
445672.184575836 3945376.16087917
445675.164380701 3945372.84478245
445678.148529756 3945369.5280978
445681.140471958 3945366.21324804
445684.125880206 3945362.90252569
445687.117332695 3945359.59468773
445690.109803005 3945356.29016927
445693.102351252 3945352.98870676
445696.097440971 3945349.68882144
445699.095988152 3945346.38615074
445702.07838177 3945343.0852665
445705.064666403 3945339.77751518
445708.052763827 3945336.46906232
445711.042661108 3945333.16717593
445714.032239359 3945329.86428954
445717.021700355 3945326.56262421
445720.012056743 3945323.26007248
445722.996426395 3945319.95785357
445725.985858417 3945316.65319253
445728.970518338 3945313.34985757
445731.957548643 3945310.04797118
445734.948179191 3945306.74385729
445737.934470019 3945303.44011269
445740.925359287 3945300.14154165
445743.91717826 3945296.84288705
445746.911311412 3945293.54246639
445749.90788909 3945290.24565283
445752.901692753 3945286.94993613
445755.897783502 3945283.65735007
445758.890829138 3945280.3567019
445761.886978987 3945277.05734441
445764.87862091 3945273.75817379
445767.869534803 3945270.45957378
445770.862165937 3945267.16240959
445773.861098316 3945263.86204459
445776.845098545 3945260.57167529
445779.841918218 3945257.2692761
445782.833286625 3945253.97339185
445785.827701556 3945250.67501612
445788.817747106 3945247.37762336
445791.805744394 3945244.07824333
445794.793801161 3945240.77035694
445797.773676608 3945237.46522051
445800.753224927 3945234.15383083
445803.722703342 3945230.84268903
445806.701100301 3945227.53181137
445809.676847282 3945224.22067065
445812.654814194 3945220.91478318
445815.634524432 3945217.60740867
445818.608669838 3945214.30452335
445821.592737845 3945211.00186217
445824.568649705 3945207.70149301
445827.546379881 3945204.40012816
445830.523077978 3945201.09998207
445833.495743917 3945197.80662258
445836.474000098 3945194.50794744
445839.446492042 3945191.21285623
445842.417515392 3945187.92097306
445845.393800884 3945184.62408988
445848.369745625 3945181.33847499
445851.34817477 3945178.04559289
445854.33552565 3945174.75698121
445857.317836116 3945171.47182869
445860.302128639 3945168.18394659
445863.297614216 3945164.89961178
445866.286814873 3945161.61645711
445869.282025748 3945158.33412766
445872.274452576 3945155.04414132
445875.257134998 3945151.76009196
445878.241473866 3945148.46721201
445881.222881649 3945145.18293164
445884.200783237 3945141.8924521
445887.17342757 3945138.60941883
445890.15327684 3945135.32297549
445893.123750549 3945132.04238099
445896.101832027 3945128.76493228
445899.075743945 3945125.48947929
445902.047726632 3945122.21503516
445905.020706958 3945118.93986976
445907.994130809 3945115.66828169
445910.967543678 3945112.39798659
445913.945547263 3945109.12882011
445916.92069875 3945105.86265149
445919.897248878 3945102.59448072
445922.874372208 3945099.32948823
445925.846016842 3945096.06961364
445928.827950673 3945092.80433356
445931.799426242 3945089.53986447
445934.769192917 3945086.27098988
445937.738449778 3945083.00551435
445940.70300372 3945079.7372407
445943.667298039 3945076.46945826
445946.629102761 3945073.19858045
445949.588002861 3945069.93100741
445952.549486835 3945066.66113068
445955.5088743 3945063.39386776
445958.470600055 3945060.12468519
445961.434596635 3945056.85819141
445964.397275365 3945053.59493387
445967.362365872 3945050.33036941
445970.325509368 3945047.06649482
445973.284917251 3945043.79830688
445976.241489687 3945040.52774564
445979.197404231 3945037.25724006
445982.147344308 3945033.98404676
445985.095551461 3945030.7054866
445988.050275399 3945027.432335
445991.00000008 3945024.15505291
445993.945527659 3945020.88685639
445996.903463593 3945017.61136999
445999.860921083 3945014.33974894
446002.805977901 3945011.06990211
446005.75436586 3945007.79667461
446008.71085814 3945004.52382027
446011.672363613 3945001.24630489
446014.596624301 3944997.98534623
446017.560920744 3944994.71252473
446020.519059627 3944991.44195734
446023.470541004 3944988.17808905
446026.422107516 3944984.90321432
446029.369963268 3944981.62266932
446032.309887041 3944978.34778922
446035.264687583 3944975.06957445
446038.215968425 3944971.79403146
446041.168933104 3944968.52315258
446044.127365791 3944965.2526128
446047.100031179 3944961.9850957
446050.05414666 3944958.72590469
446053.029369803 3944955.4693217
446056.010585948 3944952.20078836
446058.991210938 3944948.94463505
446061.952300114 3944945.6722727
446064.890797389 3944942.3854283
446067.833248105 3944939.09619959
446070.705480678 3944935.76738853
446073.595876794 3944932.4265872
446076.448132789 3944929.08493875
446079.295422267 3944925.71757561
446082.083396256 3944922.31913828
446084.838579717 3944918.88374187
446087.540308579 3944915.41419924
446090.186625849 3944911.90141007
446092.796630388 3944908.36031843
446095.310914422 3944904.76147919
446097.780740551 3944901.11578259
446100.160778972 3944897.43167321
446102.458994579 3944893.67761226
446104.671579422 3944889.88742296
446106.791504001 3944886.044764
446108.79102277 3944882.13461398
446110.688463116 3944878.17616578
446112.46907718 3944874.17232482
446114.128999376 3944870.11319211
446115.681518239 3944866.0127741
446117.0872443 3944861.8637452
446118.360660574 3944857.67453845
446119.493157826 3944853.44928706
446120.437299135 3944849.18766823
446121.215938144 3944844.8923943
446121.854106072 3944840.58648952
446122.311685355 3944836.26319048
446122.577633904 3944831.91953388
446122.660966619 3944827.57347658
446122.575501381 3944823.23148666
446122.2768711 3944818.90918698
446121.765142823 3944814.6034652
446121.048586113 3944810.32061343
446120.166584475 3944806.07792707
446119.109110852 3944801.86403051
446117.882759479 3944797.70631653
446116.478420834 3944793.6086326
446114.898964474 3944789.56769799
446113.150055539 3944785.60486074
446111.231663502 3944781.7257452
446109.136761571 3944777.93520613
446106.895099273 3944774.22801747
446104.493181782 3944770.63888247
446101.935536502 3944767.14517056
446099.231570929 3944763.77571312
446096.369106241 3944760.54953455
446093.357654408 3944757.45141529
446090.220642353 3944754.48358104
446086.964034754 3944751.65441227
446083.591789666 3944748.96292185
446080.109372417 3944746.42611057
446076.523882722 3944744.02116823
446072.846976725 3944741.77855819
446069.077827703 3944739.69718138
446065.2263727 3944737.78454007
446061.286659333 3944736.04940099
446057.282322814 3944734.48254077
446053.209172975 3944733.09564235
446049.082417262 3944731.90650821
446044.909227894 3944730.87092593
446040.713357787 3944730.01250168
446036.471320329 3944729.32769512
446032.215939474 3944728.82671636
446027.951801831 3944728.53759795
446023.669321076 3944728.41024303
446019.397103048 3944728.47183316
446015.130425763 3944728.72856702
446010.886424953 3944729.15484459
446006.662343245 3944729.76649038
446002.482516252 3944730.56844036
445998.331839222 3944731.53805661
445994.235267515 3944732.67303571
445990.193991936 3944733.99138733
445986.217180888 3944735.48499592
445982.303542402 3944737.1302551
445978.476603789 3944738.95303797
445974.738663599 3944740.9371839
445971.089706041 3944743.08501091
445967.565579765 3944745.40264139
445964.136264293 3944747.88659739
445960.820778289 3944750.50862421
445957.62908978 3944753.27046459
445954.555196256 3944756.17694763
445951.609437043 3944759.19812962
445948.772649149 3944762.33336742
445946.069663201 3944765.57254097
445943.489355955 3944768.92033357
445941.043223068 3944772.36608925
445938.721099861 3944775.89166065
445936.541336605 3944779.50939501
445934.491620253 3944783.20705919
445932.564943504 3944786.96854123
445930.782593097 3944790.80227409
445929.126858401 3944794.69948771
445927.594063831 3944798.64758822
445926.189598723 3944802.63415876
445924.914148881 3944806.68000967
445923.747414078 3944810.75672278
445922.69663522 3944814.86399915
445921.748814884 3944819.00965553
445920.88217687 3944823.17077264
445920.111653579 3944827.34600408
445919.422839274 3944831.55496373
445918.813015883 3944835.7731762
445918.280979544 3944840.01375024
445917.823926135 3944844.26643275
445917.419416345 3944848.53488817
445917.082441037 3944852.80557282
445916.802283058 3944857.0906493
445916.559288967 3944861.38512726
445916.350993578 3944865.68714915
445916.176187675 3944869.99690448
445916.019392282 3944874.30599813
445915.869849156 3944878.62809607
445915.725964487 3944882.9507272
445915.597784983 3944887.27988831
445915.463498182 3944891.60246915
445915.333660229 3944895.93621053
445915.23542342 3944900.27774859
445915.160000132 3944904.6194386
445915.095871236 3944908.964604
445915.04230803 3944913.31024801
445914.989880386 3944917.65237385
445914.938309804 3944922.00561945
445914.884928963 3944926.3557111
445914.837032954 3944930.71384552
445914.795708652 3944935.06711244
445914.75935018 3944939.42818706
445914.72139993 3944943.78289946
445914.678402392 3944948.14701579
445914.629403702 3944952.50969936
445914.568879085 3944956.86882749
445914.497738858 3944961.23753131
445914.421310907 3944965.59772018
445914.332815923 3944969.96536755
445914.236759184 3944974.33204683
445914.127306181 3944978.69820808
445913.998550273 3944983.06539896
445913.837095124 3944987.43156865
445913.63640748 3944991.79423627
445913.396815417 3944996.15440904
445913.103544216 3945000.50757766
445912.743636587 3945004.85373942
445912.310282786 3945009.18789717
445911.797392927 3945013.51005062
445911.205710524 3945017.82119106
445910.536339846 3945022.11382834
445909.789864274 3945026.39044617
445908.961245364 3945030.65756085
445908.058320114 3945034.89263232
445907.085865718 3945039.109745
445906.049347379 3945043.31581018
445904.948683275 3945047.4983981
445903.782682227 3945051.65892779
445902.554017708 3945055.79595648
445901.257455278 3945059.91300248
445899.887260469 3945064.00497522
445898.443138018 3945068.06541356
445896.913843338 3945072.0968692
445895.312958931 3945076.09027105
445893.633114266 3945080.0526945
445891.886843859 3945083.98753833
445890.067749179 3945087.8833607
445888.175657905 3945091.74273264
445886.214335409 3945095.56761431
445884.181068587 3945099.35885398
445882.084726189 3945103.10359693
445879.927749507 3945106.82637437
445877.712311337 3945110.51413464
445875.4447951 3945114.16346809
445873.118074822 3945117.78154128
445870.73189113 3945121.36478016
445868.29061721 3945124.90420397
445865.78822635 3945128.40186873
445863.225606309 3945131.86198083
445860.607260097 3945135.2709274
445857.928725354 3945138.63499658
445855.18864076 3945141.95389163
445852.401181399 3945145.214219
445849.55589053 3945148.44822058
445846.697841983 3945151.64708015
445843.83256924 3945154.84993971
445840.968300998 3945158.05125521
445838.101187269 3945161.24702341
445835.239219971 3945164.44587976
445832.373186812 3945167.64483068
445829.50621196 3945170.84414081
445826.641659785 3945174.03799823
445823.769415273 3945177.23340615
445820.890620138 3945180.42805832
445818.006854887 3945183.60780721
445815.111267744 3945186.78410554
445812.21074797 3945189.95684692
445809.304036295 3945193.12736337
445806.398724012 3945196.29298764
445803.493533649 3945199.4636255
445800.587898766 3945202.64380135
445797.684359934 3945205.81665125
445794.783859984 3945208.99474612
445791.875780668 3945212.177038
445788.975397951 3945215.35645451
445786.067961553 3945218.53874425
445783.161080833 3945221.71946632
445780.251215367 3945224.89701711
445777.341914601 3945228.07330363
445774.428175161 3945231.25515676
445771.514980026 3945234.43400988
445768.611128502 3945237.61672122
445765.704835399 3945240.81186008
445762.804185321 3945244.00843448
445759.906276808 3945247.21129297
445757.007757664 3945250.40927551
445754.106814833 3945253.60585743
445751.200634786 3945256.79871377
445748.290765535 3945259.99199171
445745.376209076 3945263.18384698
445742.464827147 3945266.37470225
445739.546772761 3945269.57013915
445736.63825185 3945272.7607436
445733.729164205 3945275.96143562
445730.823838702 3945279.16746273
445727.926624013 3945282.3733223
445725.032290633 3945285.58035585
445722.131245964 3945288.79621756
445719.239030195 3945292.00407927
445716.346043331 3945295.21935077
445713.452477578 3945298.43002883
445710.559302669 3945301.6416644
445707.664026498 3945304.85452611
445704.76849975 3945308.07017134
445701.876662935 3945311.28744069
445698.987098205 3945314.51030455
445696.096182974 3945317.73316841
445693.2050488 3945320.95722986
445690.317973195 3945324.17989612
445687.429158758 3945327.40596187
445684.541125206 3945330.63742989
445681.655598693 3945333.86909078
445678.771141941 3945337.09695571
445675.878121845 3945340.32442588
445672.982537306 3945343.54268557
445670.077229716 3945346.76272835
445667.169056809 3945349.97659007
445664.261884804 3945353.19306131
445661.351064851 3945356.41131349
445658.436328616 3945359.63139855
445655.525377544 3945362.85087515
445652.609260753 3945366.07074008
445649.693540593 3945369.28999012
445646.778798728 3945372.51746994
445643.865017715 3945375.74033487
445640.949571343 3945378.96781792
445638.033874584 3945382.1979223
445635.119070885 3945385.42954993
445632.200320865 3945388.65917326
445629.280485267 3945391.89152674
445626.354483464 3945395.12114793
445623.425014156 3945398.35201394
445620.498717361 3945401.58050557
445617.571444476 3945404.81199934
445614.640505952 3945408.04498418
445611.710679275 3945411.27336449
445608.782099907 3945414.50860379
445605.848457198 3945417.74810293
445602.921718487 3945420.98434009
445599.993193054 3945424.2255751
445597.061582038 3945427.46534481
445594.129509968 3945430.70521511
445591.193514067 3945433.9460854
445588.259790152 3945437.18668084
445585.327783342 3945440.42591048
445582.391058144 3945443.66641714
445579.455507151 3945446.90764464
445576.517441506 3945450.14979516
445573.58035952 3945453.39237879
445570.63893461 3945456.6305336
445567.698761288 3945459.87011294
445564.752639247 3945463.11191806
445561.809907997 3945466.35414127
445558.869896036 3945469.59095498
445555.917961448 3945472.83352895
445552.968523495 3945476.07209863
445550.021362886 3945479.31096678
445547.074407613 3945482.55313984
445544.128200424 3945485.79631719
445541.184467194 3945489.04253503
445538.241618145 3945492.29375073
445535.301046834 3945495.54393451
445532.354763697 3945498.79680696
445529.406359969 3945502.0476794
445526.460913569 3945505.29787177
445523.51179763 3945508.55274636
445520.564181768 3945511.80795884
445517.615220336 3945515.06849554
445514.67123765 3945518.32970587
445511.724085769 3945521.59057938
445508.77919326 3945524.8527857
445505.83193778 3945528.11632641
445502.888313285 3945531.38186848
445499.940856296 3945534.64941269
445496.997429604 3945537.91495905
445494.054077558 3945541.18216401
445491.110449472 3945544.45071252
445488.165269675 3945547.71758925
445485.218430636 3945550.98714097
445482.27499719 3945554.25331453
445479.324364805 3945557.52689659
445476.379713431 3945560.79541798
445473.435256442 3945564.07133149
445470.493843521 3945567.35021037
445467.553441819 3945570.62372639
445464.607830187 3945573.90228563
445461.662089624 3945577.17884701
445458.713483629 3945580.45204124
445455.766981419 3945583.73029049
445452.816751508 3945587.01248365
445449.866860416 3945590.28567467
445446.915302775 3945593.56186353
445443.958104708 3945596.84143028
445441.005012836 3945600.11738134
445438.051425434 3945603.39818589
445435.092755002 3945606.6791434
445432.12830599 3945609.95433012
445429.164063875 3945613.2305147
445426.196970622 3945616.50460777
445423.220400535 3945619.77557493
445420.23701754 3945623.04035695
445417.238726591 3945626.29143285
445414.223596862 3945629.52750017
445411.1944843 3945632.75185709
445408.14991093 3945635.96131195
445405.0838643 3945639.16005855
445402.006851646 3945642.34038865
445398.914988971 3945645.49470801
445395.797131432 3945648.643431
445392.649061634 3945651.76831453
445389.482338406 3945654.87118304
445386.288184518 3945657.94074693
445383.07014963 3945660.98358647
445379.814419564 3945664.00012353
445376.539832572 3945666.97450684
445373.235118795 3945669.93758554
445369.899099648 3945672.8639313
445366.530441523 3945675.74840827
445363.135137662 3945678.59884696
445359.698173252 3945681.41372863
445356.245176143 3945684.18812118
445352.759380839 3945686.94397603
445349.250664206 3945689.67293346
445345.728187296 3945692.36987373
445342.172588071 3945695.04241858
445338.60245585 3945697.68660445
445335.00417019 3945700.2984975
445331.380382627 3945702.88164581
445327.728588603 3945705.42850344
445324.055829906 3945707.94134391
445320.365776116 3945710.4251672
445316.645668657 3945712.87497333
445312.910383295 3945715.2979611
445309.149098682 3945717.68253407
445305.358549555 3945720.04008344
445301.561034399 3945722.35876229
445297.730296812 3945724.64348364
445293.881545333 3945726.89918782
445290.015705445 3945729.1116992
445286.116377561 3945731.28584243
445282.204130839 3945733.42700669
445278.269204121 3945735.52889208
445274.311606386 3945737.59001449
445270.332433357 3945739.61686018
445266.344551694 3945741.60843237
445262.327928553 3945743.56974673
445258.300610871 3945745.49802931
445254.263154183 3945747.38529688
445250.194916304 3945749.24654899
445246.125821192 3945751.07003104
445242.025848578 3945752.85900042
445237.916455878 3945754.60168364
445233.789961546 3945756.31711096
445229.644777532 3945757.99076563
445225.483778641 3945759.6228879
445221.309761094 3945761.21901704
445217.114263292 3945762.78185507
445212.910359051 3945764.30923023
445208.691052562 3945765.80874927
445204.46364552 3945767.27257378
445200.211878801 3945768.69580751
445195.956722574 3945770.084892
445191.677645875 3945771.43431874
445187.397885431 3945772.7537824
445183.118355993 3945774.05183041
445178.817385992 3945775.34340867
445174.519570739 3945776.62721537
445170.219824839 3945777.90709976
445165.922880791 3945779.18613059
445161.626473217 3945780.4650182
445157.311521558 3945781.73772038
445153.006849981 3945783.00838278
445148.701517617 3945784.28694816
445144.395685038 3945785.55995754
445140.086307638 3945786.84140653
445135.781198316 3945788.11774778
445131.46794555 3945789.39964934
445127.158874452 3945790.68199273
445122.848493082 3945791.95777153
445118.535581778 3945793.24159639
445114.220503636 3945794.51737626
445109.901352333 3945795.79336632
445105.5837663 3945797.06334994
445101.261855013 3945798.33547778
445096.939723762 3945799.60145281
445092.616018098 3945800.86831953
445088.287666639 3945802.12991976
445083.964868105 3945803.3964267
445079.6380915 3945804.66401191
445075.313211088 3945805.94031939
445070.988010409 3945807.21425207
445066.658823281 3945808.49200404
445062.340148198 3945809.76734636
445058.022747261 3945811.05008387
445053.695314634 3945812.35982253
445049.390536114 3945813.67237605
445045.109729897 3945814.96933505
445040.826368335 3945816.31771715
445036.562243266 3945817.70992447
445032.296440192 3945819.09466835
445028.040561859 3945820.48729176
445023.796639288 3945821.92454844
445019.583460341 3945823.42786901
445015.387299136 3945824.97898741
445011.223195664 3945826.59361317
445007.077828936 3945828.27441421
445002.972848898 3945830.02611938
444998.905064544 3945831.86105406
444994.877206161 3945833.78473097
444990.90113051 3945835.80283255
444986.980340958 3945837.91690244
444983.107540659 3945840.11328396
444979.283635562 3945842.40171484
444975.520499113 3945844.77401494
444971.81976162 3945847.24236656
444968.212654145 3945849.82652372
444964.680227637 3945852.52298587
444961.251549934 3945855.34026859
444957.922712631 3945858.26914216
444954.699810868 3945861.30942324
444951.593891971 3945864.46620645
444948.589967909 3945867.72146657
444945.736375199 3945871.07943079
444943.011874222 3945874.55575028
444940.463924035 3945878.14031895
444938.05088315 3945881.82544521
444935.799940367 3945885.60128845
444933.72232454 3945889.46901094
444931.820284454 3945893.42026848
444930.097311358 3945897.45042171
444928.550689779 3945901.55156922
444927.212009418 3945905.70929507
444926.057024584 3945909.93350375
444925.075601129 3945914.19253157
444924.311598319 3945918.47741682
444923.739816058 3945922.8126323
444923.361787982 3945927.14948249
444923.172953681 3945931.50441066
444923.184557089 3945935.86034906
444923.381728003 3945940.20982002
444923.766057719 3945944.55313551
444924.320670423 3945948.86464961
444925.067870061 3945953.15284635
444925.984638695 3945957.40191575
444927.077695909 3945961.60636975
444928.33903165 3945965.76124184
444929.798941611 3945969.83795654
444931.440171017 3945973.85506357
444933.253373169 3945977.78398295
444935.258172199 3945981.61870846
444937.436531504 3945985.3485186
444939.773771165 3945988.98885271
444942.26495451 3945992.5191353
444944.903838027 3945995.93773855
444947.698248914 3945999.23849897
444950.622170165 3946002.41591571
444953.686780608 3946005.45003848
444956.889831921 3946008.36209258
444960.195754366 3946011.1448143
444963.612137592 3946013.7837794
444967.139433547 3946016.27662102
444970.769589683 3946018.60570932
444974.495574077 3946020.78026671
444978.296150417 3946022.80640187
444982.181470081 3946024.65531389
444986.138146281 3946026.35139417
444990.149756514 3946027.87813135
444994.225450533 3946029.2153872
444998.362562954 3946030.36817667
445002.529979828 3946031.33710966
445006.742995624 3946032.12882279
445010.98131426 3946032.73043721
445015.235993455 3946033.14983607
445019.495375982 3946033.36906437
445023.772554131 3946033.38949085
445028.03794884 3946033.22315727
445032.302019686 3946032.87081611
445036.538230341 3946032.34871919
445040.761283353 3946031.64830491
445044.946399813 3946030.77579835
445049.103940214 3946029.74376653
445053.214273477 3946028.54975817
445057.286708356 3946027.20113349
445061.30426646 3946025.71285378
445065.272368196 3946024.07297062
445069.191479517 3946022.30550011
445073.044072499 3946020.40788359
445076.841961859 3946018.38407747
445080.582978434 3946016.24721341
445084.265639365 3946013.99938999
445087.888389054 3946011.65211642
445091.448068392 3946009.20679135
445094.959703966 3946006.68555649
445098.419828223 3946004.08594947
445101.819160185 3946001.40229524
445105.159122197 3945998.64122521
445108.439930708 3945995.80157191
445111.673595822 3945992.89687925
445114.849204105 3945989.92187225
445117.993345138 3945986.8979438
445121.079305715 3945983.81342778
445124.1214973 3945980.67353674
445127.124343432 3945977.47596062
445130.088882641 3945974.2447674
445133.055730555 3945970.98222705
445136.024510583 3945967.73402681
445136.024510583 3945967.73402681
445139.024510583 3945964.43526013
445142.024510583 3945961.13649346
445145.024510583 3945957.83772679
445148.024510583 3945954.53896012
445151.024510583 3945951.24019345
445154.024510583 3945947.94142678
445157.024510583 3945944.64266011
445160.024510583 3945941.34389343
445163.024510583 3945938.04512676
445166.024510583 3945934.74636009
445169.024510583 3945931.44759342
445172.024510583 3945928.14882675
445175.024510583 3945924.85006008
445178.024510583 3945921.5512934
445181.024510583 3945918.25252673
445184.024510583 3945914.95376006
445187.024510583 3945911.65499339
445190.024510583 3945908.35622672
445193.024510583 3945905.05746005
445196.024510583 3945901.75869338
445199.024510583 3945898.4599267
445202.024510583 3945895.16116003
445205.024510583 3945891.86239336
445208.024510583 3945888.56362669
445211.024510583 3945885.26486002
445214.024510583 3945881.96609335
445217.024510583 3945878.66732668
445220.024510583 3945875.36856
445223.024510583 3945872.06979333
445226.024510583 3945868.77102666
445229.024510583 3945865.47225999
445232.024510583 3945862.17349332
445235.024510583 3945858.87472665
445238.024510583 3945855.57595998
445241.024510583 3945852.2771933
445244.024510583 3945848.97842663
445247.024510583 3945845.67965996
445250.024510583 3945842.38089329
445253.024510583 3945839.08212662
445254.923102464 3945836.99445608
